0.683 1.000
1.686 1.000
-0.159 1.000
-0.753 1.000
-0.017 1.000
0.666 1.000
-0.545 1.000
-0.730 1.000
-1.077 1.000
-1.706 1.000
-0.247 1.000
0.100 1.000
-0.520 1.000
0.481 1.000
1.210 1.000
0.110 1.000
0.250 1.000
0.140 1.000
-0.130 1.000
-0.250 1.000
0.099 1.000
0.840 1.000
-0.415 1.000
-1.570 1.000
-0.054 1.000
1.000 1.000
-0.197 1.000
-0.410 1.000
-0.999 1.000
-1.735 1.000
0.504 1.000
-0.540 1.000
0.524 1.000
-0.136 1.000
0.390 1.000
0.311 1.000
0.411 1.000
1.480 1.000
-0.260 1.000
1.790 1.000
-0.760 1.000
0.180 1.000
-0.410 1.000
-0.900 1.000
-2.250 1.000
0.090 1.000
-1.660 1.000
-0.300 1.000
0.760 1.000
-0.150 1.000
0.690 1.000
-0.050 1.000
-0.330 1.000
0.730 1.000
-2.260 1.000
-2.880 1.000
-1.120 1.000
-1.800 1.000
0.710 1.000
-0.230 1.000
-0.460 1.000
-1.090 1.000
3.300 1.000
2.600 1.000
2.280 1.000
1.950 1.000
2.640 1.000
0.640 1.000
0.920 1.000
-0.780 1.000
0.350 1.000
1.420 1.000
-0.350 1.000
-1.420 1.000
-1.420 1.000
-1.560 1.000
-0.280 1.000
0.500 1.000
-0.210 1.000
0.430 1.000
1.060 1.000
-0.070 1.000
-0.280 1.000
0.070 1.000
-1.140 1.000
0.430 1.000
0.570 1.000
-0.850 1.000
-0.500 1.000
0.430 1.000
-0.710 1.000
-0.570 1.000
-0.640 1.000
-0.280 1.000
1.560 1.000
0.140 1.000
-1.060 1.000
0.350 1.000
0.920 1.000
-0.710 1.000
-0.640 1.000
-1.210 1.000
-1.280 1.000
0.280 1.000
0.210 1.000
-0.210 1.000
0.280 1.000
0.070 1.000
0.140 1.000
0.920 1.000
0.000 1.000
0.210 1.000
