-0.124 1.000
-0.122 1.000
-0.088 1.000
-0.066 1.000
-0.042 1.000
-0.050 1.000
-0.044 1.000
-0.059 1.000
-0.059 1.000
-0.076 1.000
-0.061 1.000
-0.048 1.000
-0.052 1.000
-0.040 1.000
-0.064 1.000
-0.109 1.000
-0.010 1.000
-0.056 1.000
-0.046 1.000
-0.045 1.000
-0.038 1.000
-0.075 1.000
-0.089 1.000
-0.032 1.000
-0.072 1.000
-0.067 1.000
-0.072 1.000
-0.062 1.000
-0.047 1.000
-0.042 1.000
-0.051 1.000
-0.051 1.000
-0.063 1.000
-0.080 1.000
-0.100 1.000
-0.092 1.000
-0.096 1.000
-0.111 1.000
-0.127 1.000
-0.128 1.000
-0.140 1.000
-0.132 1.000
0.000 1.000
0.000 1.000
0.000 1.000
0.010 1.000
0.020 1.000
0.038 1.000
0.059 1.000
0.029 1.000
0.031 1.000
0.032 1.000
0.042 1.000
0.023 1.000
0.070 1.000
0.010 1.000
0.075 1.000
0.048 1.000
0.032 1.000
0.034 1.000
0.031 1.000
0.031 1.000
0.046 1.000
0.000 1.000
0.000 1.000
0.043 1.000
0.044 1.000
0.031 1.000
0.033 1.000
0.000 1.000
0.000 1.000
0.000 1.000
0.000 1.000
0.034 1.000
0.042 1.000
0.053 1.000
0.061 1.000
0.061 1.000
0.083 1.000
0.080 1.000
0.079 1.000
0.095 1.000
0.071 1.000
0.003 1.000
0.017 1.000
0.016 1.000
0.026 1.000
0.024 1.000
0.022 1.000
0.025 1.000
0.020 1.000
0.013 1.000
0.004 1.000
0.000 1.000
-0.009 1.000
-0.005 1.000
-0.013 1.000
-0.013 1.000
-0.007 1.000
-0.014 1.000
-0.044 1.000
-0.061 1.000
-0.062 1.000
-0.075 1.000
-0.050 1.000
-0.045 1.000
-0.047 1.000
-0.040 1.000
-0.026 1.000
-0.039 1.000
-0.029 1.000
-0.017 1.000
-0.029 1.000
-0.021 1.000
-0.013 1.000
-0.012 1.000
-0.022 1.000
-0.020 1.000
-0.015 1.000
-0.017 1.000
-0.013 1.000
-0.009 1.000
-0.012 1.000
-0.006 1.000
-0.015 1.000
-0.011 1.000
-0.004 1.000
-0.013 1.000
-0.008 1.000
-0.015 1.000
-0.008 1.000
-0.005 1.000
